MSE=16917.952493772424
R2=0.025758086678755676
